997;root;1,601
68;FRP1;2,602
667;FRP2/3;3,603
320;MOp1;4,604
943;MOp2/3;5,605
648;MOp5;6,606
844;MOp6a;7,607
882;MOp6b;8,608
656;MOs1;9,609
962;MOs2/3;10,610
767;MOs5;11,611
1021;MOs6a;12,612
1085;MOs6b;13,613
558;SSp-n1;14,614
838;SSp-n2/3;15,615
654;SSp-n4;16,616
702;SSp-n5;17,617
889;SSp-n6a;18,618
929;SSp-n6b;19,619
981;SSp-bfd1;20,620
201;SSp-bfd2/3;21,621
1047;SSp-bfd4;22,622
1070;SSp-bfd5;23,623
1038;SSp-bfd6a;24,624
1062;SSp-bfd6b;25,625
1030;SSp-ll1;26,626
113;SSp-ll2/3;27,627
1094;SSp-ll4;28,628
1128;SSp-ll5;29,629
478;SSp-ll6a;30,630
510;SSp-ll6b;31,631
878;SSp-m1;32,632
657;SSp-m2/3;33,633
950;SSp-m4;34,634
974;SSp-m5;35,635
1102;SSp-m6a;36,636
2;SSp-m6b;37,637
450;SSp-ul1;38,638
854;SSp-ul2/3;39,639
577;SSp-ul4;40,640
625;SSp-ul5;41,641
945;SSp-ul6a;42,642
1026;SSp-ul6b;43,643
1006;SSp-tr1;44,644
670;SSp-tr2/3;45,645
1086;SSp-tr4;46,646
1111;SSp-tr5;47,647
9;SSp-tr6a;48,648
461;SSp-tr6b;49,649
182305693;SSp-un1;50,650
182305697;SSp-un2/3;51,651
182305701;SSp-un4;52,652
182305705;SSp-un5;53,653
182305709;SSp-un6a;54,654
182305713;SSp-un6b;55,655
873;SSs1;56,656
806;SSs2/3;57,657
1035;SSs4;58,658
1090;SSs5;59,659
862;SSs6a;60,660
893;SSs6b;61,661
36;GU1;62,662
180;GU2/3;63,663
148;GU4;64,664
187;GU5;65,665
638;GU6a;66,666
662;GU6b;67,667
897;VISC1;68,668
1106;VISC2/3;69,669
1010;VISC4;70,670
1058;VISC5;71,671
857;VISC6a;72,672
849;VISC6b;73,673
527;AUDd1;74,674
600;AUDd2/3;75,675
678;AUDd4;76,676
252;AUDd5;77,677
156;AUDd6a;78,678
243;AUDd6b;79,679
735;AUDp1;80,680
251;AUDp2/3;81,681
816;AUDp4;82,682
847;AUDp5;83,683
954;AUDp6a;84,684
1005;AUDp6b;85,685
696;AUDpo1;86,686
643;AUDpo2/3;87,687
759;AUDpo4;88,688
791;AUDpo5;89,689
249;AUDpo6a;90,690
456;AUDpo6b;91,691
959;AUDv1;92,692
755;AUDv2/3;93,693
990;AUDv4;94,694
1023;AUDv5;95,695
520;AUDv6a;96,696
598;AUDv6b;97,697
1074;VISal1;98,698
905;VISal2/3;99,699
1114;VISal4;100,700
233;VISal5;101,701
601;VISal6a;102,702
649;VISal6b;103,703
281;VISam1;104,704
1066;VISam2/3;105,705
401;VISam4;106,706
433;VISam5;107,707
1046;VISam6a;108,708
441;VISam6b;109,709
421;VISl1;110,710
973;VISl23;111,711
573;VISl4;112,712
613;VISl5;113,713
74;VISl6a;114,714
121;VISl6b;115,715
593;VISp1;116,716
821;VISp2/3;117,717
721;VISp4;118,718
778;VISp5;119,719
33;VISp6a;120,720
305;VISp6b;121,721
750;VISpl1;122,722
269;VISpl2/3;123,723
869;VISpl4;124,724
902;VISpl5;125,725
377;VISpl6a;126,726
393;VISpl6b;127,727
805;VISpm1;128,728
41;VISpm2/3;129,729
501;VISpm4;130,730
565;VISpm5;131,731
257;VISpm6a;132,732
469;VISpm6b;133,733
935;ACAd1;134,734
211;ACAd2/3;135,735
1015;ACAd5;136,736
919;ACAd6a;137,737
927;ACAd6b;138,738
588;ACAv1;139,739
296;ACAv2/3;140,740
772;ACAv5;141,741
810;ACAv6a;142,742
819;ACAv6b;143,743
171;PL1;144,744
304;PL2/3;145,745
363;PL5;146,746
84;PL6a;147,747
132;PL6b;148,748
707;ILA1;149,749
556;ILA2/3;150,750
827;ILA5;151,751
1054;ILA6a;152,752
1081;ILA6b;153,753
448;ORBl1;154,754
412;ORBl2/3;155,755
630;ORBl5;156,756
440;ORBl6a;157,757
488;ORBl6b;158,758
484;ORBm1;159,759
582;ORBm2/3;160,760
620;ORBm5;161,761
910;ORBm6a;162,762
969;ORBvl1;163,763
288;ORBvl2/3;164,764
1125;ORBvl5;165,765
608;ORBvl6a;166,766
680;ORBvl6b;167,767
996;AId1;168,768
328;AId2/3;169,769
1101;AId5;170,770
783;AId6a;171,771
831;AId6b;172,772
120;AIp1;173,773
163;AIp2/3;174,774
344;AIp5;175,775
314;AIp6a;176,776
355;AIp6b;177,777
704;AIv1;178,778
694;AIv2/3;179,779
800;AIv5;180,780
675;AIv6a;181,781
699;AIv6b;182,782
671;RSPagl1;183,783
965;RSPagl2/3;184,784
774;RSPagl5;185,785
906;RSPagl6a;186,786
279;RSPagl6b;187,787
442;RSPd1;188,788
434;RSPd2/3;189,789
610;RSPd5;190,790
274;RSPd6a;191,791
330;RSPd6b;192,792
542;RSPv1;193,793
430;RSPv2/3;194,794
687;RSPv5;195,795
590;RSPv6a;196,796
622;RSPv6b;197,797
97;TEa1;198,798
1127;TEa2/3;199,799
234;TEa4;200,800
289;TEa5;201,801
729;TEa6a;202,802
786;TEa6b;203,803
335;PERI6a;204,804
368;PERI6b;205,805
540;PERI1;206,806
692;PERI5;207,807
888;PERI2/3;208,808
836;ECT1;209,809
427;ECT2/3;210,810
988;ECT5;211,811
977;ECT6a;212,812
1045;ECT6b;213,813
698;OLF;214,814
507;MOB;215,815
188;AOBgl;216,816
196;AOBgr;217,817
204;AOBmi;218,818
159;AON;219,819
597;TTd;220,820
605;TTv;221,821
814;DP;222,822
961;PIR;223,823
260;NLOT1;224,824
268;NLOT2;225,825
1139;NLOT3;226,826
639;COAa;227,827
655;COApl;228,828
663;COApm;229,829
788;PAA;230,830
566;TR;231,831
1089;HPF;232,832
382;CA1;233,833
423;CA2;234,834
463;CA3;235,835
10703;DG-mo;236,836
10704;DG-po;237,837
632;DG-sg;238,838
982;FC;239,839
19;IG;240,840
1121;ENTl1;241,841
20;ENTl2;242,842
52;ENTl3;243,843
139;ENTl5;244,844
28;ENTl6a;245,845
526;ENTm1;246,846
543;ENTm2;247,847
664;ENTm3;248,848
727;ENTm5;249,849
743;ENTm6;250,850
843;PAR;251,851
1037;POST;252,852
1084;PRE;253,853
502;SUB;254,854
703;CTXsp;255,855
583;CLA;256,856
952;EPd;257,857
966;EPv;258,858
131;LA;259,859
303;BLAa;260,860
311;BLAp;261,861
451;BLAv;262,862
327;BMAa;263,863
334;BMAp;264,864
780;PA;265,865
477;STR;266,866
672;CP;267,867
56;ACB;268,868
998;FS;269,869
754;OT;270,870
250;LSc;271,871
258;LSr;272,872
266;LSv;273,873
310;SF;274,874
333;SH;275,875
23;AAA;276,876
292;BA;277,877
544;CEAc;278,878
551;CEAl;279,879
559;CEAm;280,880
1105;IA;281,881
403;MEA;282,882
803;PAL;283,883
1022;GPe;284,884
1031;GPi;285,885
342;SI;286,886
298;MA;287,887
564;MS;288,888
596;NDB;289,889
581;TRS;290,890
351;BST;291,891
287;BAC;292,892
549;TH;293,893
629;VAL;294,894
685;VM;295,895
718;VPL;296,896
725;VPLpc;297,897
733;VPM;298,898
741;VPMpc;299,899
414;SPFm;300,900
422;SPFp;301,901
609;SPA;302,902
1044;PP;303,903
1072;MGd;304,904
1079;MGv;305,905
1088;MGm;306,906
218;LP;307,907
1020;PO;308,908
1029;POL;309,909
325;SGN;310,910
255;AV;311,911
1096;AMd;312,912
1104;AMv;313,913
64;AD;314,914
1120;IAM;315,915
1113;IAD;316,916
155;LD;317,917
59;IMD;318,918
362;MD;319,919
366;SMT;320,920
1077;PR;321,921
149;PVT;322,922
15;PT;323,923
181;RE;324,924
189;RH;325,925
599;CM;326,926
907;PCN;327,927
575;CL;328,928
930;PF;329,929
262;RT;330,930
27;IGL;331,931
178;LGv;332,932
321;SubG;333,933
483;MH;334,934
186;LH;335,935
1097;HY;336,936
390;SO;337,937
332;ASO;338,938
38;PVH;339,939
30;PVa;340,940
118;PVi;341,941
223;ARH;342,942
72;ADP;343,943
263;AVP;344,944
272;AVPV;345,945
830;DMH;346,946
452;MEPO;347,947
523;MPO;348,948
763;OV;349,949
914;PD;350,950
1109;PS;351,951
126;PVp;352,952
133;PVpo;353,953
347;SBPV;354,954
286;SCH;355,955
338;SFO;356,956
689;VLPO;357,957
88;AHN;358,958
210;LM;359,959
732;Mmme;360,960
525;SUM;361,961
1126;TMd;362,962
1;TMv;363,963
515;MPN;364,964
980;PMd;365,965
1004;PMv;366,966
63;PVHd;367,967
693;VMH;368,968
946;PH;369,969
194;LHA;370,970
226;LPO;371,971
356;PST;372,972
364;PSTN;373,973
173;RCH;374,974
470;STN;375,975
614;TU;376,976
797;ZI;377,977
804;FF;378,978
10671;ME;379,979
313;MB;380,980
851;SCop;381,981
842;SCsg;382,982
834;SCzo;383,983
811;ICc;384,984
820;ICd;385,985
828;ICe;386,986
580;NB;387,987
271;SAG;388,988
874;PBG;389,989
460;MEV;390,990
381;SNr;391,991
749;VTA;392,992
246;RR;393,993
128;MRN;394,994
26;SCdg;395,995
42;SCdw;396,996
17;SCiw;397,997
10;SCig;398,998
795;PAG;399,999
50;PRC;400,1000
67;INC;401,1001
587;ND;402,1002
215;APN;403,1003
531;MPT;404,1004
628;NOT;405,1005
634;NPC;406,1006
706;OP;407,1007
1061;PPT;408,1008
616;CUN;409,1009
214;RN;410,1010
35;III;411,1011
975;EW;412,1012
115;IV;413,1013
757;VTN;414,1014
231;AT;415,1015
66;LT;416,1016
75;DT;417,1017
58;MT;418,1018
374;SNc;419,1019
1052;PPN;420,1020
12;IF;421,1021
100;IPN;422,1022
197;RL;423,1023
591;CLI;424,1024
872;DR;425,1025
771;P;426,1026
612;NLL;427,1027
7;PSV;428,1028
867;PB;429,1029
123;KF;430,1030
122;POR;431,1031
105;SOCm;432,1032
114;SOCl;433,1033
280;B;434,1034
880;DTN;435,1035
898;PCG;436,1036
931;PG;437,1037
1093;PRNc;438,1038
318;SG;439,1039
534;SUT;440,1040
574;TRN;441,1041
621;V;442,1042
679;CS;443,1043
147;LC;444,1044
162;LDT;445,1045
604;NI;446,1046
146;PRNr;447,1047
238;RPO;448,1048
350;SLC;449,1049
358;SLD;450,1050
354;MY;451,1051
207;AP;452,1052
96;DCO;453,1053
101;VCO;454,1054
711;CU;455,1055
1039;GR;456,1056
903;ECU;457,1057
642;NTB;458,1058
651;NTS;459,1059
429;SPVC;460,1060
437;SPVI;461,1061
445;SPVO;462,1062
653;VI;463,1063
661;VII;464,1064
576;ACVII;465,1065
939;AMBd;466,1066
143;AMBv;467,1067
839;DMX;468,1068
1048;GRN;469,1069
372;ICB;470,1070
83;IO;471,1071
136;IRN;472,1072
106;ISN;473,1073
203;LIN;474,1074
955;LRNm;475,1075
963;LRNp;476,1076
307;MARN;477,1077
1098;MDRNd;478,1078
1107;MDRNv;479,1079
852;PARN;480,1080
859;PAS;481,1081
970;PGRNd;482,1082
978;PGRNl;483,1083
177;NR;484,1084
169;PRP;485,1085
1069;PPY;486,1086
209;LAV;487,1087
202;MV;488,1088
225;SPIV;489,1089
217;SUV;490,1090
765;x;491,1091
773;XII;492,1092
781;y;493,1093
206;RM;494,1094
230;RPA;495,1095
222;RO;496,1096
512;CB;497,1097
912;LING;498,1098
976;CENT2;499,1099
984;CENT3;500,1100
1091;CUL4-5;501,1101
936;DEC;502,1102
944;FOTU;503,1103
951;PYR;504,1104
957;UVU;505,1105
968;NOD;506,1106
1007;SIM;507,1107
1056;ANcr1;508,1108
1064;ANcr2;509,1109
1025;PRM;510,1110
1033;COPY;511,1111
1041;PFL;512,1112
1049;FL;513,1113
989;FN;514,1114
91;IP;515,1115
846;DN;516,1116
1009;fiber tracts;517,1117
949;von;518,1118
1016;onl;519,1119
665;lot;520,1120
538;lotd;521,1121
900;aco;522,1122
848;IIn;523,1123
916;bsc;524,1124
336;csc;525,1125
117;och;526,1126
125;opt;527,1127
832;IIIn;528,1128
62;mlf;529,1129
158;pc;530,1130
911;IVn;531,1131
93;moV;532,1132
229;sV;533,1133
794;sptV;534,1134
798;VIIn;535,1135
1116;gVIIn;536,1136
413;vVIIIn;537,1137
841;tb;538,1138
506;das;539,1139
658;ll;540,1140
633;cic;541,1141
482;bic;542,1142
237;ts;543,1143
380;cuf;544,1144
697;ml;545,1145
744;cbc;546,1146
326;scp;547,1147
812;dscp;548,1148
850;uf;549,1149
866;sctv;550,1150
78;mcp;551,1151
1123;icp;552,1152
553;sctd;553,1153
728;arb;554,1154
956;fa;555,1155
579;ec;556,1156
964;ee;557,1157
1108;ccg;558,1158
971;fp;559,1159
986;ccs;560,1160
784;cst;561,1161
6;int;562,1162
924;cpd;563,1163
190;py;564,1164
198;pyd;565,1165
1092;em;566,1166
102;nst;567,1167
1051;tspd;568,1168
1060;dtd;569,1169
1043;tspc;570,1170
863;rust;571,1171
397;vtd;572,1172
884;amc;573,1173
908;act;574,1174
940;cing;575,1175
466;alv;576,1176
530;df;577,1177
603;fi;578,1178
428;mct;579,1179
436;fx;580,1180
443;dhc;581,1181
449;vhc;582,1182
301;st;583,1183
54;mfb;584,1184
349;sup;585,1185
753;pm;586,1186
690;mtt;587,1187
681;mtg;588,1188
673;mp;589,1189
802;sm;590,1190
595;fr;591,1191
611;hbc;592,1192
81;VL;593,1193
98;SEZ;594,1194
108;chpl;595,1195
129;V3;596,1196
140;AQ;597,1197
145;V4;598,1198
153;V4r;599,1199
164;c;600,1200